20111000101011110101111111101011001000001011110111101110111100110001011110100100100100110101111010011001111110111101101000100110111111010110101
02001111000010010111110101111111110110110010100001011111011110111111110011001101111010010010010011101111010110011111011110101000001101111010100
10210101100001001011111010110111111001011001000000101111101111011101111001100010111101001001001001010111101011001111101111110100100111111101111
10120101101100100100110111111010111111111101010110010110000101111001111011111111001100100111101001010010011011110101001111011110010000110111100
11002010110110000010001011111101011101111110101011001010000010111110111101111111100110011011110100001001001101111011100111101111101000011111011
01110211011011000001010101111110101110111111010101100101000001011111011110111011110011000101111010100100100010111100110011110111110101001111101
01001120100110011001000100111011111010101111011111101001011001011100010111101111101111101100110010111101001100100111111010001111111101000110110
01110102011011001100100010010101111111010111101111110100101100101100001011110011110111111110011001011110100010010010111101100111011110100011111
10111010201101110110000001001010111111101011110111111011010110010100000101111101111011111111001100101111010001001001011110110011101111010001110
00001101021110111011000000101101011111110101101011111101101011001010000010111110111101110111100110010111101100100100101111011001110111101100111
10010101112010101100111001010010011010111110110101111011111110100101100101111001011110101110111110100110010111010010010011111010011111110000101
00011010110201010110001100100001001101011111011010111100111111010010110010111000101111011111011111110011001111101001001001111101001111111100111
11001111011020111011010110010000100110101111111101011111011111101001011001011000010111100111101111111001100011110100100100011110100110111010011
10100101100102011101111011000000010011010111111110101110101111110110101100101000001011111011110111111100110101111010010010101111110011011101001
10010000111010211110111101101000001001101011111111010111010111111011010110010100000101111101111011011110011010111101001001010111011001101110101
11000010110111120101101100101100101100100110010111110111010111101011111010011110010111110101111010110111110001100101101001010011110101111110000
00100011011011102010110110010110010100010011001011111011101011110111111101001011001011110010111101111011111100110011110100001001111010111111001
11010001101101110201011011001011001000001001110101111101110101111001111110100101100101110001011110111101111110011001111010100100111100011111101
01101000110110101020111101101101100100000100111010111111111010111110111111010010110010110000101111011110111111001100111101010010011111001011010
11100110010011010102011110111110110010000010001101011111111101011101011111101101011001010000010111101111011111100111011110001001101111100101100
11110001001001111010201111011111011001000001000110101111111110101110101111110110101100101000001011110111101011110010101111100100010110110110111
11110100001011101111020101110110010011001011100100110011011111011101011110100111101001101001011111101111010101111100110010101001100111010111100
10101000001101110111102010111011001001100101100010011000101111101110101111010111110100111100101111010111101110111110011001110100010011101111110
11010110000110111011110201011101100110110010100001001101010111110111010111101111111010010110010111001011110111011111001100111010001001110011110
10111001000011001101101020101110110011011001000000100111101011111011101011110011111101001011001011000101111111101111100110111101100101111001111
11011100101001100110110102011111011011101100110000010010110101111111110101111101111110100101100101000010111011110111110011011110010010111100010
11111110010100110011011010200111101111110110001000001000011010111111111010111010111111011010110010000001011101111011111001101111001001011110101
01111111001010001001111101020011110101111011010100000101001101011111111101011101011111101101011001100000101110111100111100010111100100101011111
11011110110000110111101111002010111101100100111001011110010011001101111101111101111010001110100110001011111011110100111110110010010010011010110
01101101010000011011110111100201011110110010001100101110001001100110111110111010111101001111010011100101111101111011011111011001101001001101111
11110110101000001101111011111020101111011001010110010110000100110001011111011101011110101111101001110010111010111101101111001100110100100110111
11101011010100000110101101110102010111101100111011001010000010011010101111101110101111011111110100011001011001011111110111100110111010010111011
01110111100010010011000110111010201011110110011101100101000001001111010111110111010111100111111010101100101000101111111011110011111101001111001
01111011111001001001110011011101020101111011011110110010100000100101101011111111101011111011111101010110010000010110111101111001011110100011100
10111111111100110100101001101110102000111101101111011001010000010000110101111111110101110101111110101011001000001011011110111100101110010101111
01011101110110011010000100111111010210011110110111101101101000001010011010111111111010111010111111110101100100000101101111011110010111001010011
01010111111011000001010111100111100120101111001100100101100101111001001100111111110111100111101000110100110010111111111010111110100101001011101
00111001110101100000111011111011110002010111110110010010110010111100100110011011111011111011110100111010011001011110111101011111110010100001011
01011110111010110000001101111101111010201011111011001001011001011100010011001101111101110101111010111101001100101111011110101111011001010100101
01111101011101001000000110110110111101020101111101100101101100101100001001100010111110111010111101111110100110010110101111110111001101101010111
10111110101110100100010011010011011110102010111110110011110110010100000100110101011111011101011110111111010011001010010111111011100111110001110
00011111011111010010001001101001101111010201001111011001111011001010000010011110101111101110101111011111101101100100001011111101110011111100110
11001111101111111001010100110100110111101020100111101100111101100101000001001011010111111111010111101111110010110010000101011110111000111010011
10110111110111101100111010010010011011110102010011110111011110110010100000100001101011111111101011010111111101011000000010101111111101011001101
11001001111011100110011101001001001101111010211001111011101111011011010000010100110101111111110101101011111110101101000001110111011110101100010
10010110101111110110000001011011110101111001120101111010110010010010010111101100110011111111011110111101000101001101011111111010111100010001110
00001011010111101011000000101101111010111100102010111101011001001011001011110010011001111111101111011110100110100110101111111101111111001100011
10010111101011110101110000010110111111011110010201011111101100100101100101111001001100110111110111101111010111010010010111011110011111100010000
10011011110101111010101000000011011101101111001020101111110110010010110010111000100110011011111011010111101111101001001011101111101110110101101
11001111111010111101000100001001101100110111110102010111111011001011011001011000010011000101111101101011110111110101100101010111110110011110011
10100111111101011110110010000100110110011011111010201010111101100111101100101000001001101010111110110101111111111010110010001011111011001111001
01010001111110111111011001001010011001001101111101020100011110110011110110010100000100111101011111111010111011111101011001000101111101100111101
11101010111111001111101100101101001100100110111110102011001111011001111011001010000010010110101111111101011101111110101100000010011111110011010
11110101010111110111100110011110100110010011001111010201100111101110111101100101000001000011010111111110101010111111010110000001101111111101001
11111000101011111011110011001111010001001001110111101020110011110111011110110110100000101001101011111111010101011111101011100000110110111010100
01100110111010111111110110010000101110111101101111001102010111101011001001001001011110100011001111111011110111010000100110011111110101110010011
10100001011101001111101011000000010111011110110111100110201011110101100100100100101111011001100111111101111111101001010011101111111011111001001
11000010101110110111110101101000001001101111011011110011020101111010110010010110010111100100110011111110111011110101101001010111111101111100100
11100011011111001011111010110100000100110111101101111000102010111111011001001011001011110010011001011111011101111011110100001011011110111110010
11110001101111110101111101010010000010011011100110111101010201011111101100100101100101110001001100101111101010111101111010100101101111011011101
01101000111111111010111110101001000001001101110011011111101020101111110110010110110010110000100110010111110101011111111101110010010111101001110
00110110010111111101011111011100100010100110101001101111110102010101111011001111011001010000010011101011111110101111111110011001001011110100110
11011001001011111110101111100110010011010011000100110111111010201000111101100111101100101000001001110101111111010110111111101100000101111110111
11111110100101101111010111110011001011101001110010011010111101020110011110110011110110010100000100011010111111101011011111010110000010111111010
01111111010010110111111011111001100111110100101001001101011110102011001111011101111011001010000010001101011111110100101111101011000001011111100
01101111101001001011111101111100110001111010000100100110101111010201100111101110111101101101000001100110101111111011010111110101100001101011011
01001100010101111010101111110101100100000101111011110111011110011020101111010110010010010010111101001100111111011111110100010011011111101111010
11110100001010111101010111111010110010000010101101111011101111001102010111101011001001001001011110100110011111101111111010101001101111110111000
01111000001101011110101011111101011001000001000110111100110111100110201011110101100100101100101111010011001111110110111101110100010111111111101
11111110000110111111010101111110101100100000110011011110011011110001020101111110110010010110010111001001100011111011011110111010001010111011110
10111101000011011111111010111111010110010000001001101111001101111010102010111111011001001011001011000100110101111100101111111101100101011101011
10001110101001101111111101011111101011001000010100110110100110111111010201011111101100101101100101000010011010111111010111111110110010101110001
11010111010100110111111110100111110101100100011010011010010011011111101020101011110110011110110010000001001101011111101011111111011000010111101
01111011101010001011101111011011111000110010011101001101001001101111110102010001111011001111011001100000100110101111110101011111101100001111111
10111111111101000101110111101101111110011001011110100110100100110101111010201100111101100111101100010000010011010111111010101111010110000011110
00011101111110110010101011111110111111001100101111010010010010011010111101020110011110111011110110101000001001101011111101010111101010000101111
01011110111111011001000101111111011111100110010111101001001001001101011110102011001111011101111011110100000100110101111110101011110101000110010
11011010110000110101111101011011111110101100110000010110110111101110111100110201011110101100100100001011110001100111110111111010010010111110110
00111111010000011010111110100101111111010110001000001010011011110111011110011020101111010110010010100101111100110011111011111101101001011111110
01011111101000001101011111011010111111101011000100000101001101111001101111001102010111101011001001110010111010011001111101011110110100101111111
11101111110100000110111111101101011111110101110010000010100110111100110111100010201011111101100100011001011001001100111110101111111010010011011
01100101111010010011001111111110101111111010111001000001010011011110011011110101020101111110110010101100101000100111011111010111111101001101100
01110010111101001001110111111111010101111101001100100001101001101101001101111110102010111111011001110110010000010010101111101011111111100010110
10111011011110110100101011110111101010111110100110010001110100110100100110111111010201010111101100111011001000001001010111110101111110110001111
01001111101111011010000101111011110111011111010011001001111010011010010011011111101020100011110110111101100100000101101011111010011111011000111
00100111110111111101010010110101111011101111111001100100111101001101001001101011110102011001111011011110110010000010110101111101101110101000011
10010011111011111110111001010010111111110111111100110011011110100100100100110101111010201100111101101111011101000000011010111110010111010000101
11001001110101111111001100100001011101111011111110011000101111010010010010011010111101020110011110110111101110100001001101111111101011101100110
00101011101101100000111010111111010101011111111010110010100000101101101111011101111001102010111101110010010001011110011001111011111010100011111
10010111111110110000001101011111101010101111111101011000010000010100110111101110111100110201011110011001001100101111001100111101111101010101111
01011001111111001000000110101111110111010111111110101101001000001010011011110011011110011020101111101100100110010110100110111110011111101010111
10111100110111110100010011010111111011101011111111010111100100000101001101111001101111000102010111110110010011001010010011011111101111110001010
10011110011011111010001001101011111111110101101111101010110010000010100110111100110111101010201011111011001101100100001001101111010111111100101
11001111001101111101010100110101111101111010110111110100011001000011010011011010011011111101020101111101100110110010000100010111101011111110011
10110101101110111110111010010010111110111101011011111011001100100011101001101001001101111110102010011110110111011000000010101011110101111011001
00001000111111001111011101001001011101011110111101111101100110010011110100110100100110111111010201001111011111101101000001110101111010111101001
11000110011111110111111110101100101100101111011110111111110011001001111010011010010011010111101020100111101011110110100000011010111101011010000
01110001000111101011111111010110010100010111101111011111111001100110111101001001001001101011110102110011110101111011010000001101111110101101001
01000110101111011101110000010110101111111010110101111111110101100101000001011011011110111011110011201011110110010010010111001100111011110010011
10110011010111111110101000000011010111111101011010111111111010110000100000101001101111011101111001020101111011001001001011100110111101111101101
11001011100011101111010100001001101001111110111101011111111101011010010000010100110111100110111100102010111101100101100101010011111110111110011
01100111111001110111111010000100110110111111011110101110111110101111001000001010011011110011011110010201011110110010110010001001011111011111000
01110001111100111011111101001010011001011111101111010111011111010101100100000101001101111001101111101020101111011001011001000100101110101111101
11101010110110011101111110101101001100101111110111101011101111101000110010000110100110110100110111110102010111101101101100000010010111010111110
10100101010011011110101111011110100110010111101011110101110111110110011001000111010011010010011011111010201011110111110110000001101011101111010
11010000101001111111010111101111010011001011100101111011111011111011001100100111101001101001001101111101020001111011111011100000110101110011100
10111010010100101111101011111111101001100101100010111100111101111111100110010011110100110100100110011110102100111100111101010000011011111101010
11001010011101001111011110110100000100110101111111101011101011111111101011001010000010110110111101101111001201011111100100001011001101110111010
11110101001110100111101111011010000010011010101111110101110101111111110101100001000001010011011110110111100020101110110010100101100111111111101
00111000101111010011110111101101000001001101010111111011111010111111111010110100100000101001101111011011110102010111011001110010010011111011110
10011110010111111001111011111110100010100110101011111100111101011101111101011110010000010100110111001101111010201011101100011001001000111101110
11011101001011101100111101111111010011010011000101111111011110101110111110101011001000001010011011100110111101020101110110101100000101011010111
11101100100101100110011110110111101011101001110010111110101111010111011111010001100100001101001101010011011110102011111011110110000010101101111
11110110010010110011011111011011110111110100111001011110010111101011101111101100110010001110100110001001101111010200111101111011000001010110110
01101011001001001001101111100101111011111010001100101110001011110111110111110110011001001111010011100100110111101020011110111101100001101111011
11111010100100111101000111100111101110100000110011010110111111010111010111111111010110010100000101011011110101111002010111110010001010011111110
10101111010010011110110011111011110111010000001001101011011111101011101011111111101011000010000010001101111110111100201011011001100101001111111
01000111101001001111011001111101111011101000010100110100101111110111110101111111110101101001000001100110111011011111020101101100110010100111011
11110011110100110111101100111110111111110100011010011010010111111001111010111011111010111100100000010011011001101110102010110110011000010011101
01111001110010001011100110011111011101111010011101001101001011111110111101011101111101010110010000101001101100110111010201111011101100001101011
01111110111001000101110011001111101110111101011110100111100101111101011110101110111110100011001000110100110010011011101020111101110110000010101
00111101011100110010101001100111110101011110111111010010110010111100101111010111011111011001100100111010011001001101110102011110111010000101111
11101101101101000100111110101001111010111101111010000010100110101101111110101110101111111110101100010000010011011111011110201011110010010001111
00110100111110110010001111011100111111011110111101000001010011010110111111010111010111111111010110001000001001101111101111020101011001001100111
01011010011111001001010111100110011111101111011110100001101001101001011111101111101011111111101011100100000100110110110111102010101101100010110
10111111000111100100101011110011001111110111101111010001110100110100101111110011110101110111110101110010000010011010011011010201110110110001011
10011111101011110010000101111001100111111011110111101001111010011010010111111101111010111011111010011001000101001101001101101020111011011000100
00001111110101111001010010110100110001111101101011110101111101001111001011111010111101011101111101001100100110100110100110110102111101101000011
10101110110011011101010010010111101011001111011011110111110100000101001101011011111101011101011111111010110010000010110111101111201011100001001
10010111011001111110101001001011110101100111111101111011111010000010100110101101111110101110101111111101011001000000011011110111020100110100101
11001011101100101111000100100101111000110011111110111100111101000011010011010010111111011111010111111110101100100001001101011011102011011110011
11100111111110010111110010010010111110011001111111011111011110100011101001101001011111100111101011011111010110010000100110001101010201101011000
10100001111111001011111001001001011101001100101111101110101111010011110100110100101111111011110101101111101011001001010011100110101021110101001
11100110111101110011011110100100100110111101001100111101110111101111101000001010011010110111111010110101111111010110100000011011101112010110000
01110001011110111001101111010010010001011110100110011111111011110111110100000101001101011011111101111010111111101010010000001101110110201011101
11111000101111011100110111101001001000101111010011001111111101111001111010000110100110100101111110111101011111110101001000100110011011020101110
01101100010111111110001011111100100110010111101001100110111110111110111101000111010011010010111111011110101011111011100100010011001100102110010
10111110010101111101111001100111101000100100101011110100011001111011101111011111010000010100110101011111101110101111110101010000011011011201110
11011111000010111110111100111011110110010010000101111011001100111111110111101111101000001010011010101111110111010111111010001000001101101020011
00111101100001001111011110010101111011001001010010111100100110011111111011110011110100001101001101010111111111101011111101100100100110110102101
11110111111100100101111110111110011010111101010010010010010111101000110011110111011110111110100000010011010011111101101011111010010000110101201
00101011110110000010101111011111001101011110111001001001001011110110011001111111101111011111010000101001101101111111110101111101001000011110020
10101101011111101100100010110111101111110011001011110101100100100100101111010001100111101110111101111010000010011010111111110101111010100011102
