21010111111101001111111111101100001111011111101011001000101011001011100001110001010001101111101001110100101011110111011110111
12111011110111111000110100111110111111111011000011110101111110101100101010101100101110001000010100011011000111010011110111111
01211100100011111111110101100011111101111110101110001111101111111010100100001010110011110001111001000010111010110101011110111
11121110010000111111111110010011111111111111110110000111110111111101010010001101011000110010111000110011111100011000101101010
01112111111011111101011111100011010101001111101110001111101100001111000111111010110010101111001011100010110001101101010010111
10111211101100101111001111111110000101011000111110111111111010111000111010111111101010011010101100111100000100001010110101111
11011120111110010111000011111101000111100100111111011111111111011000011111011111110101000111010110001100100011001110011001101
11001102101111010100000010111111111111001010100001111101111111101011100111101011111111010100001010100111011110100001011110111
11101111211111100010100001011111111111101101010001111110111111110101100011111101111110100010000101010011001110010011100101010
11011010120011110001110000101111111011110110001001111011111101111110100001111110111111011001000110111001010110001011110010111
10001111102111111111101111110111111111111000110101100100111110111000110010110000111100011010101100101011001110001011101100011
11000111101211101111110010111111011011111111100001010101100011111011100111101011100011100111111010100110110011110000001010101
01101011111120111111111001011111101000111111010001101110010011111101100011111101100001110011111101010001111000110011001111000
11101001111102101101111101010011110000101111111110000100101010000111111111111110101110011010111111110101001010011100100001111
01111100111111210110111110001001111000010111111111000110110101000111101111111111010110001111011111101000110101001100010010101
01111011011010121011001111000110111100001011111110100111011000100111110111110111111010001111101111110110011011100100001010011
11111100001111012100010110101101000010000100111101111111100110101000011110101111111011110111101011111101100011010111111000111
10111111001111101210111111110100100100000010011111111111110011010100011111011111111100110011110101111110000000100011110101010
10110110101110110121001011111000010111000001101111111011111001101010011101101111111111010001111110111101010001011010110001101
10111110011111010012010001111100001110100000110111111101011110110001011110111111101111100010111111011110101001101101010011100
11110000111111100100211111111111011011111101111111010111100011010110001111111011100011001100001111000110010010101100001011101
11111000010111101101121110111111110100101111110111111111111110000101010010001111101110010010111000111001001010011011110001010
10011100001011110110112011111101111110010111111011111011111101000110111001001111110110001011011000011100110101000110110011110
11111100001001111100110210110111111111010100111101011010111111111000001010101000011111110111101011100110111111010100011100001
10011111001100111110111121011011111111100010011111101001011111111100010111010100011110110011110101100011011110100011001100010
10101110101011010111101012101111111011110001101111110000101111111010011001100010011111010001111110100011011111011001100101011
11101111011100001111111101210011010101101011010001110000010011110111100010011010100001111111111110111101001111110111010111001
01010111101111000111111110121001101111111101001001111000001001111111100011001101010001111111111111001100110111111000100010101
11000111110110101011111011012110110010111110000100111100000110111111110011100110101001110111111111110100111011110101011010000
11000111111110011101111101001201011100011111000011011010000011011111101001111011000101111011111011111000111101111011101100010
01111101111111010000110111101021001001011100101111000011000101000111011111101001101010001110101111110111111011111110010111101
00111011111111101000111111110112100101101110110110100101000000100111111111111100110100001111010111111011011100111100001001110
01110001111011110100011111011001210010110111111010010110100000010011111101111110011011001101101111111101011111011110000101101
01111001111101110010111111101100121001010011111100001111010000001101111110110111001100101110110111111110001111101101001010101
11110001111110110001101111010110012000101001011110000111001010000110111111010011110110011101011111101111010111111110101111001
11111111101000010111011110110101000211101111111101011010111111011111101011111000010101001111111011100100100011100100011010001
11010011111100001011101111011000100120111111011111101001011111101111110111110100011011100111111101100010100001110011000110011
11111111111100000010100111110011010102101101111111110101010011110101111111111111100000100010000111111101001110011011010101100
01110010111111000001110011111001101111210110111111111110001001111110111101111111110001011001000111101100010110001100100011101
11110100011110100000101101011110110010121011111110111111000110111111011110111111101001101100100111110100111010001101011000101
11111101101111010000110000111111001111012100110101111110101101000111001101001111011110001010101000011111111011110101110110110
10111010110111101000111100011111100111101210011011111111110100100111110100100111111110000111010100011111011100110011111000010
11111001010111110100011010101101110110110121101101111011111000010011111000011011111111001001101010011101011111010011110101010
11011000100111110010111001110100111111010012010111111001111100001101111100001101111110101110110001011110001111100011111011101
10111111001101111011111101000011110101111010210011010101110010111100011000010100011101110010011010100011111111011111111110110
00010110101011111101111110100001111111111101121001101110111011011010011100000010011111110011001101000011111111101100111101001
10101110010001111110101111010010111111110110012100110011011111101001011110000001001111110011100110110011111111110101011110100
00111110001001111111110111001011011111111011001211011101001111110000101101000000110111111001110011001011011111111001101101010
11111110000001110111111011000111101011110101100120101010100101111000010100101000011011110100111101100111111110111101111111110
11000011111110101111111111110110000111101111110102100100110111100101110010110000101001111111110100101000110101111011101110001
01000101111010011111011011111001000011111111011011210010011001110110101011011000000101111101111110010100111011111111110110011
01000111110100001111111101111100100101111111101100121001101100111111000111100100000010111110111111011010101101111101111010001
10101111110010001111011110011100010110111111010110012000010110011111100011110010000001011111011011101101110111111110111111010
01111111101111111101110000001001111001111100110101000210110111111111001101001111010111111011111000001000111111110100011010100
00111110110010111110111100000110111100111110011010100121011011111111110100100111111011110111111100010110111110110000001100010
01111111010100011111111010000011011011010111101100010012101111111011111000011011111101111011111010011011011111010010001101000
11111111111101101110111101000000100100001111110011010101210011010111111010110100011100111111110111100010000001111111110100111
01010111111010110111011110100000010111000111111001101110121001101111111111010010011111011101111111100001010001111100110011001
11101111111001010011011111010000001110101011011100110011012110110111111111100001001111101110111111110010101001110101010010101
01111011111000101001011111001010000110011101001111011101001201011111101111110000110111111111011111101011100101111001100011010
11110111101111001101110111101100001111010000111101001111101021001101011111001011110001101101000111011100001010001111011111111
10110011110110100110101111110110000111101000011111100111110112100110111111101101101001110100100111111100110100001111101101100
01110101111110011011000111111001000011110100101111110111011001210011011101111110100101111000010011111100011011001111110101110
00110110111110000101100111111100100101110010110110111111101100121101111100111111000010111100001101111110101100101101111001101
11111111011110001010000111011100010110110001111010011111010110012010111110010111100001011110000110111101110110011110111101111
01011000110011110100111010111111011111111101100001111110111111010210010111011110010111001100001010011111010010100011111011110
10101001010101110010101001111111101110111110010000111111111101101121011001100111011010101110000001011111011001010011111110111
10011001100111110001010000111111110111011111001001011111111110110012101110110011111100011101000000101111011101101011111101010
11100101111111110000001000111101111111100111000101101011111101011001210101011001111110000100100000010111101110110111111111111
00010110001001011111011011001011111011110111111011000011111011111110121001000110111101011011011000001011111111000101011111110
01000110000001101111101101000111111101111011111100100101111111111011012100101011001111100111101100000111101111101001101111100
00101011000101111111100010000011111011111101011110010110011111111101101200010101100111110011110010000001110111111110111111110
01011111101111111101110110111011011111010000001001111000111111001101000021001101011111101101000111001111011110001001111110101
10001011110111110110101011011111101111101000000100111100011111100110110012100110111111110100100111110111111110000101111100010
11001101111111111011100101001111110111110100000011011010101101110011001001211011011111111000010011111011011111001011110100010
10001110111011110101100010100101111111110010100001101001110100111101100100120101111110111100001101111111111110101111111000011
01111111110111101111111100110111100101111011000010100101000011110100101010102100110101111010111100011011111101110000001111111
01010110110011111111011010011001110011111101100000010110100001111110010111011210011011111111011010011101111111110010001111100
00101111010101111111111001101100111001111110010000001111010010111111011001100121001101111111101001011110101111110001001110101
10010111100110111111111000010110011001111111001000000111001011011011101110110012110111111111110000101111110111111010101101000
01101111111111011111111000101011001001110111000101000011000111101001110101011001201011110101111000010111111011110110011111101
10111011111000111110001111010001101110101111110110000111110110000111110011111101021001011111100101110011101001111100100011011
01010101111001011111010111001010110010011111111011000011111001000011111011110110112101101101110110101011000101111101010011111
01000011111001100111011111000101011100001111111100100101111100100101111111111011001210111100111111000111100010111101101011101
01101101110101111011111111000010101010001111011110010110011100010110101111110101100121011110011111100001100001011110110111111
10100011010110001011100101111100100110110010111111101111011111101100011111101111111012101001101111010110100000101111000101111
10111000100110001101000110111100010011010001111111110111101111110010001111111111101101211110110011111001110000011111101001110
00110101011011001110010111111100001000100000111111111111110101111001010101111111110110120101011001111100101000000111111111111
11001100011001110000101000110111111100111011000101111101111110111111010010111111011111102100100011011110111010000111111001011
10001011000100111000100100111011111110010101000011111010111111011111101011010111111110111200010101101111011101000010111111111
10011110101111111101011110111111010111001101111001011111101100001010011100001111010010100021001101011110110001101111110001111
10101010010110111110001111111101101110100110011101101111110110000001011110000111111001010012100110111111101001110111110011110
10110100001111011111010111111110110110011011001111110111111001000000101101001011111101101001210011011111000101111011110001110
01110010000111100111011011111101011110000101100111111111111100100000010100101101101110110100121101111111100010111111111011100
10111101001111111011111101111110101110001010110010111111011100010100011000011110100111010010012010111101100001011111110111110
01000110111011110111100011111011111011110100011011110010111111011000001011011000011111000111010210010111110111001111111100011
00001011010101111011100101111111111101110010101100111001111111101100000111100100001111101001101121011011111010101101111100011
10101000100011111101100110011111111111110001010110011000111111110010000011110010010111111110110012101111111100011110111101010
10011101011101111110010111101111111111110000101011001000111101111001000001110001011010110101011001210111111110000111011110111
11010100110011011111011000101111110001011111001000110011001011111110100001111110110001111011111110121010111101011010101110101
01000110011000101111011000110101111001101111000101011101000111111111010010111111001000111111111011012111101111100110011111001
10000111000101011111101100111010111101111111000010101010000011111111101011010111100101011111111101101201100111110010000111111
01111001101100010101100111000011011010001101111110010011101100010111111011111011111101001111110111111021101101111010000111001
01010001111011001010010011100011101001001110111110001001010100001111111111111101111110100101111111101112110110111101000011111
10111010000110101001001100011110000110011000111011111110001101011000111101011111110111111011011111111111200100111111100001111
00111001010110110010101111011111101000111110111111101111010001101111010111111101100000101110000111110001021001011111001111101
10110001101011010001010111101111110001011111111110110111001010110011111011111110110000011101000011111010012101101110101101101
01010101111000100000001111110101111001100111111111011111000101011001111111111111001000000100100101111111101210111110011111101
11100011111101011000110111111010111101111011111110101111000010101100111111110111100100001000010110101101000121011110000111111
11001010000100111011001101111110111110001011111101111101111100100011011100101111111010000111101100011110011012101011011011110
10101001000110010101100010111111011110001101011111111110111100010101101100011111111101000011110010001111101101211111100111110
11110000100111001010010101111111101011001110101111111111111100001010100100001111111110100001111001010111110110120111110010111
00011110011001100011110001010111111001110000110111111000110111111001001110110001011111100010111111010011111111102111111010110
10101010000001111001101100101011111100111000111010111100111011111000110101010000111111111011011111101001111110111210111100011
11000110111010001110011010100110101011000111100001101001100011101111100100110101100011111111111101111110111111111120111110001
11101001111010001101010011101100010011011111101111110000101111110111111011110010001101111011111110100001110001111002101011011
01010100111001001110011001010100001000101111110111111000110101111111101111110001010110111111111111010000101000111111211110111
11101111010000101111011100101010000101011111111010111100111010111111110111110000101010011111111111101000000101011110120110011
10110011001110011000100110001101011100010101111111011111000011011111111111011111100100111100010111111000011101001111102111011
11110101101010000100000111100110101011001010111111101011100011101011111111101111100011010100001111111110011110100110111211101
11101001010110110001101000111010011110101001101011111100011110000110111110001110111110010101011000111111010111111011111121110
01010110100011000111111001100011101001100011010110001001010111111101111100001101111111111111111001001111111111100001001112111
11101111010101101011101000010011110001111001101010000100101011111110111110001110101111110111111000110101111111111000100111210
11111101111001011100011011000101000010001110100110101010100110101111110101111000011011111111101111100101100011111101111011121
11101111011101111010100101110010111110110001010001110000111010011010100010011010111111011110000110111111111110010111111101012
